<?xml version="1.0"?>
<opencv_storage>
<CE_Manuals>
  1599 916 1639 1309 1282 1318 1003 1501 1115 1151 1124 425 915 694 580
  965 351 1096</CE_Manuals>
</opencv_storage>
