<?xml version="1.0"?>
<opencv_storage>
<CE_Manuals>
  271 643 580 1009 586 529 924 806 886 1802 1323 1469 1639 716 1705 673</CE_Manuals>
</opencv_storage>
