<?xml version="1.0"?>
<opencv_storage>
<CE_Manuals>
  877 1757 1563 739 1341 1360 902 738 275 669 570 1005 560 801</CE_Manuals>
</opencv_storage>
