<?xml version="1.0"?>
<opencv_storage>
<CE_Manuals>
  264 650 572 661 968 850 1347 1186 1347 1424 890 1815</CE_Manuals>
</opencv_storage>
