<?xml version="1.0"?>
<opencv_storage>
<CE_Manuals>
  1266 1370 219 950 432 1039 558 1088 746 410 1126 866 1549 506 1592
  1407 933 1821</CE_Manuals>
</opencv_storage>
