<?xml version="1.0"?>
<opencv_storage>
<CE_Manuals>
  886 1790 1562 1322 601 1683 503 1594 982 1528 663 1166 1130 1209 1508
  904 797 755 704 403</CE_Manuals>
</opencv_storage>
