<?xml version="1.0"?>
<opencv_storage>
<CE_Manuals>
  1178 1808 1255 698 1237 1508 469 1451 188 774 907 776 746 833 394 835
  482 496 731 366</CE_Manuals>
</opencv_storage>
