<?xml version="1.0"?>
<opencv_storage>
<CE_Manuals>
  1808 951 1707 1126 1552 1245 978 1431 1007 851 1216 447 398 419 424
  496 572 1140 324 828</CE_Manuals>
</opencv_storage>
