<?xml version="1.0"?>
<opencv_storage>
<CE_Manuals>
  365 1374 361 1083 701 1207 1178 1342 1259 1185 1209 1127 1251 360 1015
  297 656 434</CE_Manuals>
</opencv_storage>
