<?xml version="1.0"?>
<opencv_storage>
<CE_Manuals>
  1338 1405 893 1810 965 844 598 618 277 649 888 1780</CE_Manuals>
</opencv_storage>
