<?xml version="1.0"?>
<opencv_storage>
<CE_Manuals>
  1247 1715 1365 594 1487 854 1516 1364 1263 1355 1065 987 565 521 582
  1013 284 1030</CE_Manuals>
</opencv_storage>
