<?xml version="1.0"?>
<opencv_storage>
<CE_Manuals>
  1261 1356 871 1812 1549 452 1732 871 1442 1445 919 839 543 1006 453
  979 249 705</CE_Manuals>
</opencv_storage>
