<?xml version="1.0"?>
<opencv_storage>
<CE_Manuals>
  1270 389 1150 401 1657 712 523 976 546 1180 662 732 893 1326 1459 1443
  1561 1203</CE_Manuals>
</opencv_storage>
