<?xml version="1.0"?>
<opencv_storage>
<CE_Manuals>
  337 667 632 781 869 612 492 1340 597 1353 1080 1542 575 1660 1201 1668
  1770 1150 1693 995</CE_Manuals>
</opencv_storage>
