<?xml version="1.0"?>
<opencv_storage>
<CE_Manuals>
  1615 1070 799 1741 1154 1416 1113 1139 496 1239 438 1308 1073 677 743
  932 752 755 934 339</CE_Manuals>
</opencv_storage>
